255
377
502
610
687
717
693
614
677
756
778
743
658
537
398
327
291
227
153
84
32
5
0
16
58
127
211
297
364
400
584
767
923
1028
1061
1014
888
986
1089
1110
1049
919
742
544
451
397
307
205
111
42
6
0
21
75
161
267
372
452
499
722
940
1121
1237
1267
1200
1041
1165
1276
1289
1208
1051
841
611
511
445
342
226
121
46
7
0
23
80
171
280
387
467
521
746
963
1139
1247
1267
1190
1023
1155
1254
1257
1170
1009
800
576
486
420
320
209
112
42
6
0
20
72
152
247
339
405
455
646
827
970
1054
1062
988
841
958
1030
1024
944
807
635
453
384
329
248
161
85
32
5
0
15
53
111
179
243
287
325
456
578
672
721
719
662
557
638
678
667
608
514
399
281
240
203
151
96
50
18
2
0
8
30
61
98
131
153
173
239
298
341
361
354
320
264
302
316
304
272
225
172
118
100
83
60
37
19
6
0
0
2
10
20
31
40
45
51
68
81
89
91
85
73
59
64
63
57
48
37
26
16
13
10
6
3
1
0
0
0
0
0
0
0
0
0
0
0
0
0
0
0
1
2
4
6
8
9
10
10
8
9
8
7
5
3
1
0
0
0
3
8
15
23
30
39
59
82
102
118
126
124
118
146
166
173
168
151
125
93
90
80
63
43
23
9
1
0
5
19
42
71
101
124
158
230
302
363
405
419
399
372
446
491
500
472
413
332
241
231
202
156
103
56
21
3
