 16384
 20307
 24200
 27887
 31194
 33961
 36048
 37344
 37774
 37301
 35934
 33726
 30773
 27209
 23206
 18960
 14684
 10601
 6931
 3877
 1620
 304
 34
 864
 2795
 5776
 9703
 14422
 19736
 25418
 31214
 36861
 42098
 46676
 50376
 53014
 54456
 54624
 53497
 51118
 47593
 43081
 37794
 31984
 25931
 19932
 14282
 9268
 5146
 2134
 398
 45
 1114
 3580
 7347
 12255
 18091
 24590
 31457
 38373
 45014
 51072
 56256
 60321
 63071
 64371
 64158
 62436
 59284
 54849
 49339
 43016
 36178
 29151
 22269
 15860
 10229
 5645
 2327
 431
 48
 1193
 3811
 7773
 12890
 18915
 25556
 32500
 39410
 45958
 51834
 56758
 60500
 62884
 63802
 63215
 61154
 57724
 53089
 47473
 41143
 34397
 27551
 20921
 14811
 9495
 5209
 2134
 393
 43
 1074
 3411
 6915
 11396
 16619
 22315
 28200
 33982
 39378
 44131
 48016
 50853
 52517
 52937
 52107
 50077
 46955
 42897
 38102
 32797
 27233
 21662
 16335
 11483
 7310
 3982
 1620
 296
 33
 797
 2513
 5056
 8268
 11964
 15939
 19984
 23888
 27456
 30518
 32927
 34579
 35404
 35378
 34517
 32877
 30547
 27651
 24330
 20745
 17059
 13437
 10031
 6980
 4398
 2370
 954
 172
 19
 454
 1415
 2812
 4544
 6495
 8544
 10574
 12474
 14145
 15506
 16494
 17071
 17220
 16946
 16276
 15254
 13940
 12405
 10725
 8981
 7249
 5601
 4099
 2794
 1724
 909
 358
 63
 7
 158
 480
 928
 1458
 2023
 2579
 3090
 3524
 3856
 4071
 4164
 4134
 3992
 3751
 3430
 3051
 2638
 2213
 1796
 1405
 1054
 752
 505
 313
 174
 82
 28
 4
 0
 8
 19
 28
 33
 31
 23
 13
 4
 0
 5
 23
 56
 104
 166
 237
 314
 388
 453
 502
 528
 528
 498
 440
 359
 263
 164
 76
 16
 2
 53
 184
 411
 741
 1179
 1723
 2363
 3082
 3856
 4655
 5446
 6189
 6846
 7380
 7757
 7948
 7935
 7709
 7273
 6642
 5845
 4923
 3927
 2917
 1961
 1127
 483
 93
 11
 278
 921
 1948
 3348
 5088
 7115
 9360
 11736
 14145
 16480
 18633
 20499
 21983
 23002
 23495
 23424
 22778
 21576
 19864
 17719
 15243
 12559
 9808
 7139
 4705
 2653
 1117
 211


