16384
20306
24199
27886
31194
33960
36047
37343
37772
37299
35933
33725
30772
27209
23205
18959
14684
10601
6931
3877
1620
304
34
864
2795
5776
9703
14421
19735
25417
31213
36860
42097
46675
50374
53012
54455
54623
53495
51117
47592
43080
37793
31983
25930
19931
14282
9268
5146
2134
398
45
1114
3580
7346
12255
18091
24589
31456
38371
45013
51070
56255
60319
63069
64369
64156
62434
59282
54847
49338
43014
36176
29150
22268
15859
10228
5645
2327
431
48
1193
3811
7773
12889
18914
25556
32499
39409
45956
51832
56756
60498
62882
63800
63213
61153
57721
53088
47472
41142
34396
27551
20920
14810
9495
5209
2134
393
43
1074
3411
6914
11395
16618
22314
28200
33981
39376
44130
48015
50851
52515
52935
52106
50076
46954
42896
38101
32797
27232
21662
16335
11483
7310
3981
1620
296
33
797
2513
5056
8268
11964
15939
19983
23887
27455
30517
32927
34578
35403
35378
34516
32875
30547
27650
24330
20744
17059
13436
10031
6980
4397
2370
954
172
19
454
1414
2812
4544
6495
8544
10574
12473
14144
15505
16494
17071
17219
16945
16276
15253
13940
12404
10725
8980
7248
5601
4099
2794
1724
909
358
63
7
158
480
928
1458
2023
2580
3091
3523
3856
4071
4164
4134
3992
3750
3430
3052
2638
2213
1796
1404
1054
752
505
313
174
82
28
4
0
8
19
28
33
31
24
14
4
0
6
24
57
104
166
237
313
387
453
502
528
527
498
440
359
263
164
76
16
2
53
184
411
741
1179
1723
2363
3082
3856
4655
5446
6189
6846
7380
7757
7948
7935
7708
7272
6642
5845
4922
3927
2917
1961
1127
483
93
11
278
921
1948
3348
5087
7115
9360
11736
14144
16479
18633
20499
21983
23002
23495
23423
22777
21575
19863
17719
15242
12559
9808
7139
4705
2653
1117
211