1024
1269
1512
1742
1949
2122
2252
2333
2360
2331
2245
2107
1923
1700
1450
1184
917
662
433
242
101
19
2
54
174
361
606
901
1233
1588
1950
2303
2631
2917
3148
3313
3403
3413
3343
3194
2974
2692
2362
1998
1620
1245
892
579
321
133
24
2
69
223
459
765
1130
1536
1966
2398
2813
3191
3515
3769
3941
4023
4009
3902
3705
3427
3083
2688
2261
1821
1391
991
639
352
145
26
3
74
238
485
805
1182
1597
2031
2463
2872
3239
3547
3781
3930
3987
3950
3822
3607
3318
2967
2571
2149
1721
1307
925
593
325
133
24
2
67
213
432
712
1038
1394
1762
2123
2461
2758
3000
3178
3282
3308
3256
3129
2934
2681
2381
2049
1702
1353
1020
717
456
248
101
18
2
49
157
316
516
747
996
1248
1492
1715
1907
2057
2161
2212
2211
2157
2054
1909
1728
1520
1296
1066
839
626
436
274
148
59
10
1
28
88
175
284
405
534
660
779
884
969
1030
1066
1076
1059
1017
953
871
775
670
561
453
350
256
174
107
56
22
3
0
9
30
58
91
126
161
193
220
241
254
260
258
249
234
214
190
164
138
112
87
65
47
31
19
10
5
1
0
0
0
1
1
2
1
1
0
0
0
0
1
3
6
10
14
19
24
28
31
33
32
31
27
22
16
10
4
1
0
3
11
25
46
73
107
147
192
241
290
340
386
427
461
484
496
495
481
454
415
365
307
245
182
122
70
30
5
0
17
57
121
209
317
444
585
733
884
1029
1164
1281
1373
1437
1468
1463
1423
1348
1241
1107
952
784
613
446
294
165
69
13
