32768
39311
45592
51355
56370
60434
63383
65099
65512
64605
62416
59033
54591
49270
43284
36874
30299
23824
17708
12200
7520
3857
1359
127
209
1604
4254
8053
12847
18444
24619
31121
37690
44061
49976
55198
59517
62758
64790
65532
64955
63080
59984
55792
50671
44830
38503
31944
25419
19189
13507
8601
4668
1868
313
65
1134
3479
7003
11565
16982
23034
29479
36056
42501
48553
53970
58532
62056
64401
65470
65222
63667
60867
56934
52028
46346
40116
33591
27032
20705
14864
9743
5551
2455
580
3
745
2777
6018
10337
15559
21474
27845
34414
40916
47091
52688
57482
61281
63931
65326
65408
64176
61678
58015
53335
47827
41711
35236
28661
22251
16265
10944
6502
3119
930
23
436
2152
5101
9165
14180
19943
26224
32768
39311
45592
51355
56370
60434
63383
65099
65512
64605
62416
59033
54591
49270
43284
36874
30299
23824
17708
12200
7520
3857
1359
127
209
1604
4254
8053
12847
18444
24619
31121
37690
44061
49976
55198
59517
62758
64790
65532
64955
63080
59984
55792
50671
44830
38503
31944
25419
19189
13507
8601
4668
1868
313
65
1134
3479
7003
11565
16982
23034
29479
36056
42501
48553
53970
58532
62056
64401
65470
65222
63667
60867
56934
52028
46346
40116
33591
27032
20705
14864
9743
5551
2455
580
3
745
2777
6018
10337
15559
21474
27845
34414
40916
47091
52688
57482
61281
63931
65326
65408
64176
61678
58015
53335
47827
41711
35236
28661
22251
16265
10944
6502
3119
930
23
436
2152
5101
9165
14180
19943
26224
32768
39311
45592
51355
56370
60434
63383
65099
65512
64605
62416
59033
54591
49270
43284
36874
30299
23824
17708
12200
7520
3857
1359
127
209
1604
4254
8053
12847
18444
24619
31121
37690
44061
49976
55198
59517
62758
64790
65532
64955
63080
59984
55792
50671
44830
38503
31944
25419
19189
13507
8601
4668
1868
313
65
1134
3479
7003
11565
16982
23034
