32767
32015
29761
26112
21238
15368
8778
1776
-5309
-12145
-18412
-23816
-28102
-31071
-32583
-32567
-31024
-28026
-23714
-18290
-12008
-5163
1923
8920
15499
21350
26201
29823
32046
32766
31950
29636
25932
21011
15106
8492
1480
-5601
-12420
-18657
-24018
-28254
-31164
-32613
-32533
-30927
-27871
-23508
-18043
-11731
-4870
2219
9205
15759
21574
26378
29944
32106
32763
31883
29508
25749
20783
14842
8205
1184
-5893
-12694
-18899
-24219
-28403
-31254
-32641
-32496
-30828
-27714
-23301
-17795
-11454
-4577
2515
9489
16018
21796
26552
30063
32164
32757
31813
29378
25565
20553
14578
7918
888
-6184
-12966
-19141
-24417
-28549
-31342
-32666
-32457
-30727
-27555
-23092
-17545
-11176
-4283
2810
9772
16276
22017
26725
30180
32219
32748
31741
29246
25379
20322
14312
7631
591
-6474
-13238
-19380
-24614
-28693
-31427
-32688
-32415
-30622
-27394
-22881
-17295
-10897
-3989
3105
10054
16532
22235
26895
30294
32272
32737
31666
29111
25190
20089
14045
7342
295
-6765
-13508
-19618
-24808
-28835
-31510
-32707
-32370
-30516
-27230
-22668
-17042
-10618
-3695
3400
10336
16788
22452
27063
30406
32322
32723
31589
28974
25000
19854
13776
7053
0
-7054
-13777
-19855
-25001
-28975
-31590
-32724
-32323
-30407
-27064
-22453
-16789
-10337
-3401
3694
10617
17041
22667
27229
30515
32369
32706
31509
28834
24807
19617
13507
6764
-296
-7343
-14046
-20090
-25191
-29112
-31667
-32738
-32273
-30295
-26896
-22236
-16533
-10055
-3106
3988
10896
17294
22880
27393
30621
32414
32687
31426
28692
24613
19379
13237
6473
-592
-7632
-14313
-20323
-25380
-29247
-31742
-32749
-32220
-30181
-26726
-22018
-16277
-9773
-2811
4282
11175
17544
23091
27554
30726
32456
32665
31341
28548
24416
19140
12965
6183
-889
-7919
-14579
-20554
-25566
-29379
-31814
-32758
-32165
-30064
-26553
-21797
-16019
-9490
-2516
4576
11453
17794
23300
27713
30827
32495
32640
31253
28402
24218
18898
12693
5892
-1185
-8206
-14843
-20784
-25750
-29509
-31884
-32764
-32107
-29945
-26379
-21575
-15760
-9206
-2220
