0
7053
13776
19854
25000
28974
31589
32723
32322
30406
27063
22452
16788
10336
3400
-3695
-10618
-17042
-22668
-27230
-30516
-32370
-32707
-31510
-28835
-24808
-19618
-13508
-6765
295
7342
14045
20089
25190
29111
31666
32737
32272
30294
26895
22235
16532
10054
3105
-3989
-10897
-17295
-22881
-27394
-30622
-32415
-32688
-31427
-28693
-24614
-19380
-13238
-6474
591
7631
14312
20322
25379
29246
31741
32748
32219
30180
26725
22017
16276
9772
2810
-4283
-11176
-17545
-23092
-27555
-30727
-32457
-32666
-31342
-28549
-24417
-19141
-12966
-6184
888
7918
14578
20553
25565
29378
31813
32757
32164
30063
26552
21796
16018
9489
2515
-4577
-11454
-17795
-23301
-27714
-30828
-32496
-32641
-31254
-28403
-24219
-18899
-12694
-5893
1184
8205
14842
20783
25749
29508
31883
32763
32106
29944
26378
21574
15759
9205
2219
-4870
-11731
-18043
-23508
-27871
-30927
-32533
-32613
-31164
-28254
-24018
-18657
-12420
-5601
1480
8492
15106
21011
25932
29636
31950
32766
32046
29823
26201
21350
15499
8920
1923
-5163
-12008
-18290
-23714
-28026
-31024
-32567
-32583
-31071
-28102
-23816
-18412
-12145
-5309
1776
8778
15368
21238
26112
29761
32015
32767
31983
29699
26022
21125
15237
8635
1628
-5455
-12283
-18535
-23917
-28178
-31118
-32599
-32551
-30976
-27949
-23611
-18166
-11870
-5016
2071
9063
15629
21463
26290
29884
32076
32765
31917
29572
25841
20898
14974
8349
1332
-5747
-12557
-18778
-24119
-28328
-31210
-32627
-32515
-30878
-27793
-23405
-17919
-11593
-4723
2367
9347
15889
21686
26465
30004
32136
32760
31849
29443
25658
20668
14710
8062
1036
-6038
-12830
-19020
-24318
-28476
-31299
-32653
-32477
-30778
-27635
-23197
-17670
-11316
-4430
2662
9631
16147
21907
26639
30122
32192
32753
31778
29312
25472
20438
14445
7775
740
-6329
-13102
-19261
-24516
-28622
-31385
-32677
-32436
-30675
-27475
-22986
-17420
-11037
-4136
2957
9913
16404
22126
26810
30237
32246
32743
31704
29179
25285
20205
14178
7486
443
-6620
-13373
-19499
-24711
-28765
-31469
-32698
