2096128
2538000
2812320
2842944
2586323
2037120
1234096
258963
-783520
-1771560
-2583995
-3137323
-3378711
-3301400
-2953650
-2410624
-1778063
-1159824
-642139
-276848
-75851
-6137
240
30078
168432
481574
992022
1678563
2468466
3250636
3892200
4265156
4262220
3830021
2971712
1755890
313076
-1197963
-2597511
-3727398
-4466948
-4754072
-4601176
-4073922
-3295080
-2406585
-1553864
-851130
-362088
-97622
-7320
276
39675
219432
618732
1260720
2114230
3081216
4024402
4776816
5187172
5134319
4562470
3493863
2017792
297702
-1479321
-3098188
-4379310
-5188478
-5475408
-5252352
-4614701
-3698451
-2680457
-1717403
-931023
-391776
-103820
-7462
471
43882
238238
660570
1335495
2219796
3209970
4157457
4896444
5272992
5172683
4554348
3444491
1941420
219285
-1528650
-3099642
-4317579
-5066586
-5296095
-5036589
-4388258
-3491909
-2510747
-1593775
-856292
-356525
-92967
-6432
350
40870
216621
594432
1189040
1957668
2806122
3605052
4209909
4496247
4374188
3810000
2841132
1562232
119088
-1318680
-2590812
-3556008
-4126059
-4271514
-4026285
-3477186
-2741178
-1952280
-1228221
-652536
-268088
-68882
-4500
388
30772
162181
438924
866880
1414071
2008932
2553408
2952668
3119585
3001618
2581535
1895197
1013096
39798
-912411
-1735630
-2342343
-2680128
-2740560
-2553120
-2179970
-1698136
-1194408
-742072
-388258
-157768
-39176
-2310
212
18088
92312
245525
480244
769500
1078680
1349700
1537746
1600040
1513578
1277200
917826
473440
0
-448497
-821486
-1080911
-1211325
-1213370
-1107975
-926838
-707350
-486656
-294408
-150228
-58800
-14234
-639
0
5967
31950
82128
154791
240282
325703
394492
433180
434282
393700
318760
217752
105078
-4446
-98226
-166820
-205984
-217350
-203840
-172260
-133055
-94846
-58714
-31939
-13900
-5170
-629
0
0
0
1080
1430
3424
1913
2025
0
0
0
0
1211
2481
2424
-370
-6678
-17005
-30504
-44436
-56668
-65472
-65504
-62434
-50949
-36762
-22032
-10180
-2444
-176
0
2094
12056
36075
79212
140160
216996
300027
375936
429944
442540
406640
312660
164822
-25816
-239580
-452352
-636075
-768638
-833998
-825435
-747520
-617377
-460355
-302120
-166286
-70140
-17820
-790
0
12155
63384
176176
361988
610542
901320
1193400
1431549
1569100
1556877
1374684
1015833
505264
-107775
-753084
-1357664
-1848477
-2170280
-2289645
-2206251
-1949696
-1573488
-1147536
-735454
-396606
-162525
-39744
-1807
