0
143218218
333365424
553648644
779850000
983957040
1138688683
1221974989
1220866584
1134113394
972454779
757193700
516600336
281232224
78897000
-70053505
-155914712
-180662242
-157111908
-105570710
-49435920
-9840480
-1112038
-27224640
-80593825
-143291008
-190353454
-194798868
-133507275
7498015
229165846
517698700
845686633
1175743250
1466437514
1678677992
1782693335
1762793456
1620577530
1374791715
1058208120
712198560
379970822
99307215
-103434770
-217188107
-247007190
-212061108
-140969524
-65347348
-12901170
-1470960
-35009678
-102720940
-180814444
-237501900
-239488658
-159189186
18590496
292809101
644226056
1037844540
1427695645
1764089474
2001873129
2107956012
2067042164
1884258120
1584311450
1207566399
803025288
420332808
101654560
-124849450
-248867168
-278246155
-236184976
-155547975
-71501729
-13988967
-1567968
-37391006
-108800239
-189793341
-246708349
-245238924
-158038304
28859112
312040462
669946568
1065303096
1450967140
1777310244
2000465066
2089896600
2033182932
1838442639
1532607992
1157106048
760406496
390396438
86505940
-126100927
-239617680
-263543950
-221242995
-144362226
-65786952
-12770928
-1403563
-33566796
-96882633
-167450166
-215354105
-210948892
-131496402
33388800
278814105
584418592
917153790
1236338235
1500511308
1674335745
1734309405
1672915236
1499475744
1238552612
925438304
600433659
301896385
60427808
-105493940
-191625885
-207187769
-171843480
-110954451
-50101740
-9629768
-1076229
-24837708
-71002302
-121435008
-154256076
-148592880
-89274339
29574840
202848404
414735230
641192687
853862964
1024753608
1131125850
1159195548
1106099736
980431125
800361947
590327500
377090670
185036480
32804457
-69370068
-120452248
-127664200
-104270458
-66421620
-29596896
-5601524
-619077
-14106234
-39736228
-66970592
-83664128
-78881775
-45360096
18779424
109487994
217364992
329295190
430691328
508050031
551266285
555236815
520555308
452998847
362746680
262034500
163416825
77542300
11799744
-30553455
-50348017
-51786790
-41232908
-25613802
-11140244
-2053737
-227857
-4894208
-13415520
-21911008
-26486028
-24013010
-12941280
6401461
31928949
60265424
87375873
109471560
123540456
128047392
122868750
109475310
90253744
68168558
46247274
26893304
11721996
1403928
-4321744
-6341285
-5877514
-4196706
-2322896
-873880
-130508
0
-247024
-528067
-655340
-591327
-359383
-113352
33138
37388
0
130116
635160
1710228
3342144
5438160
7548213
9215659
9929646
9362604
7384420
4256736
545972
-3006924
-5645200
-6828180
-6395634
-4670064
-2378724
-522448
-64954
-1631234
-5084840
-9533967
-13093470
-13341564
-7632890
6290306
29682742
62262832
101977085
145075994
186425058
220386432
241717140
246501946
232971776
202120320
157536104
105044040
51641550
4325300
-31151338
-51451554
-56184337
-48075876
-32256994
-15158955
-3038961
-356796
-8527650
-25304475
-44776728
-58322160
-56145219
-29427640
27677520
116338968
232018176
364614354
499550730
619828263
708863818
753154486
744885480
683459717
575916445
435922875
281617614
132644434
6752206
-83140580
-131162384
-139203361
-116265255
-76313545
-35150873
-6899278
