0
0
0
0
32365
32365
32365
32365
31963
31963
31561
31561
31160
31160
30758
30758
30357
30357
29956
29956
29556
29556
29156
29156
28756
28756
28358
28358
27960
27960
27562
27562
27166
27166
26770
26770
26375
26375
25981
25981
25588
25588
25196
25196
24806
24806
24416
24416
24028
24028
23641
23641
23256
23256
22872
22872
22489
22489
22108
22108
21728
21728
21351
21351
20975
20975
20600
20600
20228
20228
19857
19857
19489
19489
19122
19122
18758
18758
18395
18395
18035
18035
17677
17677
17321
17321
16968
16968
16616
16616
16268
16268
15922
15922
15578
15578
15237
15237
14899
14899
14563
14563
14230
14230
13900
13900
13572
13572
13248
13248
12926
12926
12608
12608
12292
12292
11980
11980
11671
11671
11365
11365
11062
11062
10762
10762
10466
10466
10173
10173
9883
9883
9597
9597
9315
9315
9036
9036
8760
8760
8488
8488
8220
8220
7956
7956
7695
7695
7438
7438
7185
7185
6935
6935
6690
6690
6448
6448
6211
6211
5977
5977
5748
5748
5522
5522
5301
5301
5084
5084
4871
4871
4662
4662
4457
4457
4257
4257
4061
4061
3869
3869
3682
3682
3499
3499
3320
3320
3146
3146
2976
2976
2811
2811
2650
2650
2494
2494
2343
2343
2196
2196
2053
2053
1915
1915
1782
1782
298
298
62
62
1082
1082
3320
3320
6690
6690
11062
11062
16268
16268
22108
22108
28358
28358
34777
34777
41119
41119
47140
47140
52609
52609
57315
57315
61078
61078
63753
63753
65237
65237
65473
65473
64453
64453
62215
62215
58845
58845
54473
54473
49267
49267
43427
43427
37177
37177
30758
30758
24416
24416
18395
18395
12926
12926
8220
8220
4457
4457
1782
1782
298
298
62
62
1082
1082
3320
3320
6690
6690
11062
11062
16268
16268
22108
22108
28358
28358
34777
34777
41119
41119
47140
47140
52609
52609
57315
57315
61078
61078
63753
63753
65237
65237
65473
65473
64453
64453
62215
62215
58845
58845
54473
54473
49267
49267
43427
43427
37177
37177
30758
30758
24416
24416
18395
18395
12926
12926
8220
8220
4457
4457
1782
1782
298
298
62
62
1082
1082
3320
3320
6690
6690
11062
11062
16268
16268
22108
22108
28358
28358
34777
34777
41119
41119
47140
47140
52609
52609
57315
57315
61078
61078
63753
63753
65237
65237
65473
65473
64453
64453
62215
62215
58845
58845
54473
54473
49267
49267
43427
43427
37177
37177
30758
30758
24416
24416
18395
18395
12926
12926
8220
8220
4457
4457
1782
1782
298
298
62
62
1082
1082
3320
3320
11062
11062
22108
22108
34777
34777
47140
47140
57315
57315
63753
63753
65473
65473
62215
62215
54473
54473
43427
43427
30758
30758
18395
18395
8220
8220
1782
1782
62
62
3320
3320
11062
11062
22108
22108
34777
34777
47140
47140
57315
57315
63753
63753
65473
65473
62215
62215
54473
54473
43427
43427
30758
30758
18395
18395
8220
8220
1782
1782
62
62
3320
3320
11062
11062
22108
22108
34777
34777
47140
47140
57315
57315
63753
63753
65473
65473
62215
62215
54473
54473
43427
43427
30758
30758
18395
18395
8220
8220
1782
1782
62
62
3320
3320
11062
11062
22108
22108
34777
34777
47140
47140
57315
57315
63753
63753
65473
65473
62215
62215
54473
54473
43427
43427
30758
30758
18395
18395
8220
8220
1782
1782
62
62
3320
3320
11062
11062
22108
22108
34777
34777
47140
47140
57315
57315
63753
63753
65473
65473
62215
62215
54473
54473
43427
43427
30758
30758
18395
18395
8220
8220
1782
1782
62
62
3320
3320
11062
11062
22108
22108
34777
34777
47140
47140
57315
57315
63753
63753
65473
65473
62215
62215
54473
54473
43427
43427
30758
30758
18395
18395
8220
8220
1782
1782
62
62
3320
3320
11062
11062
22108
22108
34777
34777
47140
47140
61078
61078
65473
65473
58845
58845
43427
43427
24416
24416
8220
8220
298
298
3320
3320
16268
16268
34777
34777
52609
52609
63753
63753
64453
64453
54473
54473
37177
37177
18395
18395
4457
4457
62
62
6690
6690
22108
22108
41119
41119
57315
57315
65237
65237
62215
62215
49267
49267
30758
30758
12926
12926
1782
1782
1082
1082
11062
11062
28358
28358
47140
47140
61078
61078
65473
65473
58845
58845
43427
43427
24416
24416
8220
8220
298
298
3320
3320
16268
16268
34777
34777
52609
52609
63753
63753
64453
64453
54473
54473
37177
37177
18395
18395
4457
4457
62
62
6690
6690
22108
22108
41119
41119
57315
57315
65237
65237
62215
62215
49267
49267
30758
30758
12926
12926
1782
1782
1082
1082
11062
11062
28358
28358
47140
47140
61078
61078
65473
65473
58845
58845
43427
43427
24416
24416
8220
8220
298
298
3320
3320
16268
16268
34777
34777
52609
52609
63753
63753
64453
64453
54473
54473
37177
37177
18395
18395
4457
4457
62
62
6690
6690
22108
22108
41119
41119
57315
57315
65237
65237
62215
62215
49267
49267
30758
30758
12926
12926
1782
1782
1082
1082
11062
11062
28358
28358
47140
47140
61078
61078
65473
65473
58845
58845
43427
43427
18395
18395
1782
1782
3320
3320
22108
22108
47140
47140
63753
63753
62215
62215
43427
43427
18395
18395
1782
1782
3320
3320
22108
22108
47140
47140
63753
63753
62215
62215
43427
43427
18395
18395
1782
1782
3320
3320
22108
22108
47140
47140
63753
63753
62215
62215
43427
43427
18395
18395
1782
1782
3320
3320
22108
22108
47140
47140
63753
63753
62215
62215
43427
43427
18395
18395
1782
1782
3320
3320
22108
22108
47140
47140
63753
63753
62215
62215
43427
43427
18395
18395
1782
1782
3320
3320
22108
22108
47140
47140
63753
63753
62215
62215
43427
43427
18395
18395
1782
1782
3320
3320
22108
22108
47140
47140
63753
63753
62215
62215
43427
43427
18395
18395
1782
1782
3320
3320
22108
22108
47140
47140
63753
63753
62215
62215
43427
43427
18395
18395
1782
1782
3320
3320
22108
22108
47140
47140
63753
63753
62215
62215
43427
43427
18395
18395
1782
1782
3320
3320
22108
22108
47140
47140
63753
63753
62215
62215
43427
43427
18395
18395
1782
1782
3320
3320
22108
22108
47140
47140
63753
63753
62215
62215
43427
43427
18395
18395
1782
1782
3320
3320
22108
22108
47140
47140
63753
63753
62215
62215
43427
43427
18395
18395
1782
1782
3320
3320
22108
22108
52609
52609
65473
65473
49267
49267
18395
18395
298
298
11062
11062
41119
41119
63753
63753
58845
58845
30758
30758
4457
4457
3320
3320
28358
28358
57315
57315
64453
64453
43427
43427
12926
12926
62
62
16268
16268
47140
47140
65237
65237
54473
54473
24416
24416
1782
1782
6690
6690
34777
34777
61078
61078
62215
62215
37177
37177
8220
8220
1082
1082
22108
22108
52609
52609
65473
65473
49267
49267
18395
18395
298
298
11062
11062
41119
41119
63753
63753
58845
58845
30758
30758
4457
4457
3320
3320
28358
28358
57315
57315
64453
64453
43427
43427
12926
12926
62
62
16268
16268
47140
47140
65237
65237
54473
54473
24416
24416
1782
1782
6690
6690
34777
34777
61078
61078
62215
62215
37177
37177
8220
8220
1082
1082
22108
22108
52609
52609
65473
65473
49267
49267
18395
18395
298
298
11062
11062
41119
41119
63753
63753
58845
58845
30758
30758
4457
4457
3320
3320
28358
28358
57315
57315
64453
64453
43427
43427
12926
12926
62
62
16268
16268
47140
47140
65237
65237
54473
54473
24416
24416
1782
1782
6690
6690
34777
34777
61078
61078
62215
62215
37177
37177
8220
8220
1082
1082
22108
22108
52609
52609
65473
65473
49267
49267
18395
18395
62
62
22108
22108
57315
57315
62215
62215
30758
30758
1782
1782
11062
11062
47140
47140
65473
65473
43427
43427
8220
8220
3320
3320
34777
34777
63753
63753
54473
54473
18395
18395
62
62
22108
22108
57315
57315
62215
62215
30758
30758
1782
1782
11062
11062
47140
47140
65473
65473
43427
43427
8220
8220
3320
3320
34777
34777
63753
63753
54473
54473
18395
18395
62
62
22108
22108
57315
57315
62215
62215
30758
30758
1782
1782
11062
11062
47140
47140
65473
65473
43427
43427
8220
8220
3320
3320
34777
34777
63753
63753
54473
54473
18395
18395
62
62
22108
22108
57315
57315
62215
62215
30758
30758
1782
1782
11062
11062
47140
47140
65473
65473
43427
43427
8220
8220
3320
3320
34777
34777
63753
63753
54473
54473
18395
18395
62
62
22108
22108
57315
57315
62215
62215
30758
30758
1782
1782
11062
11062
47140
47140
65473
65473
43427
43427
8220
8220
3320
3320
34777
34777
63753
63753
54473
54473
18395
18395
62
62
22108
22108
57315
57315
62215
62215
30758
30758
1782
1782
11062
11062
47140
47140
65473
65473
43427
43427
8220
8220
3320
3320
34777
34777
63753
63753
54473
54473
18395
18395
62
62
22108
22108
57315
57315
62215
62215
24416
24416
62
62
28358
28358
63753
63753
49267
49267
8220
8220
6690
6690
47140
47140
64453
64453
30758
30758
298
298
22108
22108
61078
61078
54473
54473
12926
12926
3320
3320
41119
41119
65473
65473
37177
37177
1782
1782
16268
16268
57315
57315
58845
58845
18395
18395
1082
1082
34777
34777
65237
65237
43427
43427
4457
4457
11062
11062
52609
52609
62215
62215
24416
24416
62
62
28358
28358
63753
63753
49267
49267
8220
8220
6690
6690
47140
47140
64453
64453
30758
30758
298
298
22108
22108
61078
61078
54473
54473
12926
12926
3320
3320
41119
41119
65473
65473
37177
37177
1782
1782
16268
16268
57315
57315
58845
58845
18395
18395
1082
1082
34777
34777
65237
65237
43427
43427
4457
4457
11062
11062
52609
52609
62215
62215
24416
24416
62
62
28358
28358
63753
63753
49267
49267
8220
8220
6690
6690
47140
47140
64453
64453
30758
30758
298
298
22108
22108
61078
61078
54473
54473
12926
12926
3320
3320
41119
41119
65473
65473
37177
37177
1782
1782
16268
16268
57315
57315
58845
58845
18395
18395
1082
1082
34777
34777
65237
65237
43427
43427
4457
4457
11062
11062
52609
52609
62215
62215
24416
24416
62
62
28358
28358
63753
63753
43427
43427
1782
1782
22108
22108
63753
63753
43427
43427
1782
1782
22108
22108
63753
63753
43427
43427
1782
1782
22108
22108
63753
63753
43427
43427
1782
1782
22108
22108
63753
63753
43427
43427
1782
1782
22108
22108
63753
63753
43427
43427
1782
1782
22108
22108
63753
63753
43427
43427
1782
1782
22108
22108
63753
63753
43427
43427
1782
1782
22108
22108
63753
63753
43427
43427
1782
1782
22108
22108
63753
63753
43427
43427
1782
1782
22108
22108
63753
63753
43427
43427
1782
1782
22108
22108
63753
63753
43427
43427
1782
1782
22108
22108
63753
63753
43427
43427
1782
1782
22108
22108
63753
63753
43427
43427
1782
1782
22108
22108
63753
63753
43427
43427
1782
1782
22108
22108
63753
63753
43427
43427
1782
1782
22108
22108
63753
63753
43427
43427
1782
1782
22108
22108
63753
63753
43427
43427
1782
1782
22108
22108
63753
63753
43427
43427
1782
1782
22108
22108
63753
63753
43427
43427
1782
1782
22108
22108
63753
63753
43427
43427
1782
1782
22108
22108
63753
63753
43427
43427
1782
1782
22108
22108
63753
63753
43427
43427
1782
1782
22108
22108
63753
63753
43427
43427
1782
1782
22108
22108
63753
63753
43427
43427
1782
1782
22108
22108
63753
63753
43427
43427
1782
1782
22108
22108
63753
63753
43427
43427
1782
1782
22108
22108
63753
63753
43427
43427
1782
1782
22108
22108
63753
63753
43427
43427
1782
1782
22108
22108
63753
63753
43427
43427
1782
1782
22108
22108
63753
63753
43427
43427
1782
1782
22108
22108
63753
63753
43427
43427
1782
1782
22108
22108
63753
63753
43427
43427
1782
1782
22108
22108
63753
63753
43427
43427
1782
1782
22108
22108
63753
63753
43427
43427
1782
1782
22108
22108
63753
63753
43427
43427
1782
1782
22108
22108
63753
63753
43427
43427
1782
1782
22108
22108
63753
63753
43427
43427
1782
1782
22108
22108
63753
63753
43427
43427
1782
1782
22108
22108
63753
63753
43427
43427
1782
1782
22108
22108
63753
63753
43427
43427
1782
1782
22108
22108
63753
63753
43427
43427
1782
1782
22108
22108
63753
63753
43427
43427
1782
1782
22108
22108
63753
63753
43427
43427
1782
1782
22108
22108
63753
63753
43427
43427
1782
1782
22108
22108
63753
63753
43427
43427
1782
1782
22108
22108
63753
63753
43427
43427
1782
1782
22108
22108
63753
63753
43427
43427
1782
1782
22108
22108
63753
63753
43427
43427
1782
1782
22108
22108
63753
63753
43427
